1729061967090 131.0247344970703 0
1729061970131 200.01376342773438 0
1729061970556 88.75160217285156 0
1729061970981 156.8599395751953 0
1729061971404 119.3860092163086 0
1729061971829 171.8031463623047 0
1729061972252 183.15185546875 0
1729061972676 173.11431884765625 0
1729061973099 153.6331024169922 0
1729061973522 200.4979248046875 0
1729061973945 140.33912658691406 0
1729061974368 126.23397064208984 0
1729061974791 152.66064453125 0
1729061975214 103.8553466796875 0
1729061975639 94.6454086303711 0
1729061976063 133.94813537597656 0
1729061976486 109.59588623046875 0
1729061976910 138.58258056640625 0
1729061977333 141.0992431640625 0
1729061977755 98.36722564697266 0
1729061978179 98.14468383789062 0
1729061978601 200.16500854492188 0
1729061979025 109.59700012207031 0
1729061979447 197.93475341796875 0
1729061979872 134.1220245361328 0
1729061980295 143.38845825195312 0
1729061980718 207.21923828125 0
1729061981141 177.98095703125 0
1729061981565 156.9478302001953 0
1729061981990 121.1156005859375 0
1729061982413 156.73143005371094 0
1729061982836 137.09471130371094 0
1729061983259 187.71170043945312 0
1729061983685 148.87196350097656 0
1729061984108 153.56375122070312 0
1729061984532 113.2723159790039 0
1729061984955 76.35791015625 0
1729061985378 200.18865966796875 0
1729061985801 205.0267333984375 0
1729061986224 156.33998107910156 0
1729061986647 165.9875030517578 0
1729061987071 110.02642059326172 0
1729061987494 109.51858520507812 0
1729061987917 109.62298583984375 0
1729061988341 184.4971923828125 0
1729061988766 133.34783935546875 0
1729061989189 148.7886505126953 0
1729061989615 114.79155731201172 0
1729061990038 156.59567260742188 0
1729061990461 224.39108276367188 0
1729061990885 155.7548370361328 0
1729061991307 138.9669189453125 0
1729061991731 88.07833862304688 0
1729061992154 186.65390014648438 0
1729061992577 207.24636840820312 0
1729061993001 159.98260498046875 0
1729061993424 98.45596313476562 0
1729061993846 98.58908081054688 0
1729061994268 98.21446228027344 0
1729061994690 148.9309539794922 0
1729061995113 109.63661193847656 0
1729061995536 103.03141784667969 0
1729061995960 109.73102569580078 0
1729061996384 207.58831787109375 0
1729061996806 126.15576934814453 0
1729061997229 101.33160400390625 0
1729061997654 168.1771697998047 0
1729061998079 156.7712860107422 0
1729061998503 158.89413452148438 0
1729061998928 89.27406311035156 0
1729061999350 168.19619750976562 0
1729061999773 188.30169677734375 0
1729062000197 107.57870483398438 0
1729062000620 137.2942352294922 0
1729062001044 226.5484619140625 0
1729062001467 207.63186645507812 0
1729062001890 138.651123046875 0
1729062002314 188.22268676757812 0
1729062002737 98.33074951171875 0
1729062003160 195.139404296875 0
1729062003584 198.08969116210938 0
1729062004008 198.16574096679688 0
1729062004431 120.71920776367188 0
1729062004856 101.03558349609375 0
1729062005279 118.99942779541016 0
1729062005702 224.71359252929688 0
1729062006126 177.8155517578125 0
1729062006550 79.78038024902344 0
1729062006975 168.12139892578125 0
1729062007397 98.37931060791016 0
1729062007820 97.09916687011719 0
1729062008243 138.96885681152344 0
1729062008665 185.7404022216797 0
1729062009088 100.96202087402344 0
1729062009513 168.2898712158203 0
1729062009937 216.01025390625 0
1729062010360 166.12017822265625 0
1729062010784 76.16291809082031 0
1729062011207 129.19979858398438 0
1729062011632 207.46255493164062 0
1729062012055 202.013671875 0
1729062012477 180.56094360351562 0
1729062012900 156.76251220703125 0
1729062013323 167.62600708007812 0
1729062013748 155.96701049804688 0
1729062014172 91.10511779785156 0
1729062014598 148.0403289794922 0
1729062015021 168.51922607421875 0
1729062015446 156.76626586914062 0
1729062015869 180.63766479492188 0
1729062016293 86.96318054199219 0
1729062016716 138.2671356201172 0
1729062017139 98.76944732666016 0
1729062017563 98.15985107421875 0
1729062017986 155.83078002929688 0
1729062018409 138.80870056152344 0
1729062018832 200.08169555664062 0
1729062019256 100.36119842529297 0
1729062019678 131.87930297851562 0
1729062020103 165.77752685546875 0
1729062020526 156.83242797851562 0
1729062020949 168.5021209716797 0
1729062021371 113.07026672363281 0
1729062021794 98.21424102783203 0
1729062022217 112.68008422851562 0
1729062022641 110.60672760009766 0
1729062023065 129.2365264892578 0
1729062023839 118.30575561523438 0
1729062024255 156.93417358398438 0
1729062024680 97.87934875488281 0
1729062025105 98.33091735839844 0
1729062025530 139.60205078125 0
1729062025955 113.27176666259766 0
1729062026381 52.71248245239258 0
1729062026807 141.71969604492188 0
1729062027232 137.1326904296875 0
1729062027658 156.9679412841797 0
1729062028083 187.91258239746094 0
1729062028508 197.68014526367188 0
1729062028933 141.54541015625 0
1729062029360 168.2273712158203 0
1729062029785 187.6374969482422 0
1729062030211 168.2652587890625 0
1729062030634 109.24813842773438 0
1729062031060 224.5552978515625 0
1729062031486 57.232666015625 0
1729062031913 86.81748962402344 0
1729062032339 148.72894287109375 0
1729062032766 200.27206420898438 0
1729062033192 180.46775817871094 0
1729062033616 129.49368286132812 0
1729062034041 182.97402954101562 0
1729062034467 168.4744110107422 0
1729062034893 226.33950805664062 0
1729062035319 168.07423400878906 0
1729062035744 115.81390380859375 0
1729062036170 179.4732666015625 0
1729062036597 70.4529800415039 0
1729062037023 200.2064666748047 0
1729062037450 168.20037841796875 0
1729062037876 189.39126586914062 0
1729062038302 224.72732543945312 0
1729062038728 92.26875305175781 0
1729062039153 154.39614868164062 0
1729062039579 106.95697021484375 0
1729062040004 166.01930236816406 0
1729062040430 156.76901245117188 0
1729062040856 117.8802490234375 0
1729062041283 125.7331771850586 0
1729062041710 226.70294189453125 0
1729062042135 137.4671630859375 0
1729062042561 130.2998046875 0
1729062042987 142.95297241210938 0
1729062043413 109.75145721435547 0
1729062043839 120.46966552734375 0
1729062044265 132.65054321289062 0
1729062044691 139.3077850341797 0
1729062045117 109.80274963378906 0
1729062045543 148.8876953125 0
1729062045969 137.18792724609375 0
1729062046395 168.2914581298828 0
1729062046821 130.39173889160156 0
1729062047248 130.21739196777344 0
1729062047674 195.16851806640625 0
1729062048100 156.8727569580078 0
1729062048525 124.81924438476562 0
1729062048950 166.2325897216797 0
1729062049375 168.095703125 0
1729062049802 114.1463623046875 0
1729062050229 112.76849365234375 0
1729062050656 97.82356262207031 0
1729062051081 124.26828002929688 0
1729062051506 92.43132019042969 0
1729062051932 147.14036560058594 0
1729062052357 138.4354248046875 0
1729062052782 76.63795471191406 0
1729062053209 180.70175170898438 0
1729062053634 199.66587829589844 0
1729062054058 168.23931884765625 0
1729062054487 135.65185546875 0
1729062054913 177.663818359375 0
1729062055337 177.88938903808594 0
1729062055764 157.1376953125 0
1729062056189 109.53369903564453 0
1729062056616 109.46141052246094 0
1729062057043 100.92085266113281 0
1729062057468 140.30770874023438 0
1729062057893 137.15170288085938 0
1729062058319 226.52053833007812 0
1729062058746 121.04470825195312 0
1729062059173 118.44630432128906 0
1729062059598 110.47116088867188 0
1729062060024 119.060546875 0
1729062060451 130.5970001220703 0
1729062060877 155.91680908203125 0
1729062061302 129.46212768554688 0
1729062061726 111.65757751464844 0
1729062062152 166.03411865234375 0
1729062062578 137.36395263671875 0
1729062063004 141.13153076171875 0
1729062063430 163.5579833984375 0
1729062063856 98.25381469726562 0
1729062064282 188.02349853515625 0
1729062064709 185.03285217285156 0
1729062065135 158.10369873046875 0
1729062065559 183.01402282714844 0
1729062065986 93.46343994140625 0
1729062066411 130.24581909179688 0
1729062066836 167.91160583496094 0
1729062067262 90.3669662475586 0
1729062067689 93.9451904296875 0
1729062068114 93.50064849853516 0
1729062068540 207.34600830078125 0
1729062068965 126.00978088378906 0
1729062069391 112.17574310302734 0
1729062069817 116.06180572509766 0
1729062070243 167.79074096679688 0
1729062070670 135.52584838867188 0
1729062071097 65.16250610351562 0
1729062071522 163.7350311279297 0
1729062071949 129.36358642578125 0
1729062072379 168.0145263671875 0
1729062072807 90.98854064941406 0
1729062073233 138.783935546875 0
1729062073659 138.59457397460938 0
1729062074085 89.9002914428711 0
1729062074510 89.79869079589844 0
1729062074936 154.71046447753906 0
1729062075361 200.27639770507812 0
1729062075789 213.63555908203125 0
1729062076215 86.78202056884766 0
1729062076642 153.42800903320312 0
1729062077068 187.97662353515625 0
1729062077496 207.36270141601562 0
1729062077923 128.95103454589844 0
1729062078410 86.88284301757812 0
1729062078828 87.49969482421875 0
1729062079254 136.21878051757812 0
1729062079681 148.995849609375 0
1729062080107 226.69664001464844 0
1729062080533 109.23077392578125 0
1729062080959 136.9684600830078 0
1729062081385 99.67465209960938 0
1729062081811 226.66421508789062 0
1729062082237 85.41914367675781 0
1729062082664 125.14556884765625 0
1729062083091 97.99333190917969 0
1729062083516 109.66288757324219 0
1729062083943 156.02713012695312 0
1729062084368 123.9536361694336 0
1729062084794 159.29629516601562 0
1729062085221 124.71844482421875 0
1729062085647 148.364013671875 0
1729062086074 97.81097412109375 0
1729062086499 100.72554016113281 0
1729062086924 224.95106506347656 0
1729062087352 137.2167510986328 0
1729062087780 109.41105651855469 0
1729062088206 109.34513854980469 0
1729062088632 189.15408325195312 0
1729062089058 87.56248474121094 0
1729062089482 141.0968780517578 0
1729062089907 197.2676544189453 0
1729062090333 109.29370880126953 0
1729062090760 100.59782409667969 0
1729062091183 182.67257690429688 0
1729062091610 195.2340850830078 0
1729062092035 99.21038818359375 0
1729062092462 69.59093475341797 0
1729062092889 109.3807601928711 0
1729062093314 167.65631103515625 0
1729062093741 226.8324737548828 0
1729062094168 148.51919555664062 0
1729062094594 178.1204833984375 0
1729062095020 163.462890625 0
1729062095445 156.68960571289062 0
1729062095871 92.84201049804688 0
1729062096297 167.88204956054688 0
1729062096721 83.37469482421875 0
1729062097148 137.04458618164062 0
1729062097575 109.47721099853516 0
1729062098001 165.04904174804688 0
1729062098427 195.70718383789062 0
1729062098853 97.84669494628906 0
1729062099279 167.8720245361328 0
1729062099706 99.25372314453125 0
1729062100133 177.97991943359375 0
1729062100559 87.26399230957031 0
1729062100986 159.83468627929688 0
1729062101412 156.7206268310547 0
1729062101839 110.4880142211914 0
1729062102266 128.37490844726562 0
1729062102693 156.63027954101562 0
1729062103118 200.39361572265625 0
1729062103544 224.67721557617188 0
1729062103969 112.44976806640625 0
1729062104396 148.6875 0
1729062104821 205.04913330078125 0
1729062105246 200.22511291503906 0
1729062105672 78.83662414550781 0
1729062106099 109.31683349609375 0
1729062106525 207.37588500976562 0
1729062106952 204.996337890625 0
1729062107377 96.96443176269531 0
1729062107803 180.74252319335938 0
1729062108230 137.06637573242188 0
1729062108655 89.59394836425781 0
1729062109083 139.53102111816406 0
1729062109509 129.5799560546875 0
1729062109936 147.26528930664062 0
1729062110362 165.8624267578125 0
1729062110788 109.51744079589844 0
1729062111215 111.77641296386719 0
1729062111641 156.61570739746094 0
1729062112070 130.30284118652344 0
1729062112495 115.510498046875 0
1729062112922 148.55319213867188 0
1729062113348 117.97480010986328 0
1729062113775 80.09968566894531 0
1729062114201 156.90188598632812 0
1729062114626 182.81234741210938 0
1729062115054 137.12875366210938 0
1729062115480 165.72642517089844 0
1729062115905 224.78787231445312 0
1729062116331 156.9036102294922 0
1729062116759 132.09320068359375 0
1729062117186 168.3566131591797 0
1729062117614 179.3253173828125 0
1729062118042 95.4234848022461 0
1729062118468 159.52317810058594 0
1729062118896 137.31236267089844 0
1729062119325 180.67303466796875 0
1729062119752 150.92575073242188 0
1729062120178 99.51154327392578 0
1729062120606 153.21307373046875 0
1729062121033 114.89181518554688 0
1729062121460 98.8343734741211 0
1729062121888 138.50802612304688 0
1729062122315 98.5396957397461 0
1729062122745 130.02239990234375 0
1729062123174 109.07089233398438 0
1729062123601 153.386962890625 0
1729062124027 226.7452392578125 0
1729062124453 135.01438903808594 0
1729062124880 97.89861297607422 0
1729062125307 135.91134643554688 0
1729062125733 156.22409057617188 0
1729062126160 200.02459716796875 0
1729062126587 204.86920166015625 0
1729062127015 137.29269409179688 0
1729062127443 123.829345703125 0
1729062127871 100.14071655273438 0
1729062128299 140.86314392089844 0
1729062128725 138.95333862304688 0
1729062129152 86.30091094970703 0
1729062129579 254.06045532226562 0
1729062130005 93.93296813964844 0
1729062130431 182.7550048828125 0
1729062130857 109.06727600097656 0
1729062131285 109.24087524414062 0
1729062131711 99.13619995117188 0
1729062132137 87.19569396972656 0
1729062132563 99.57821655273438 0
1729062133048 112.65398406982422 0
1729062133470 104.5806884765625 0
1729062133896 205.67752075195312 0
1729062134323 123.63400268554688 0
1729062134750 182.89503479003906 0
1729062135176 141.6980438232422 0
1729062135602 89.62468719482422 0
1729062136028 130.0396270751953 0
1729062136454 207.49072265625 0
1729062136881 159.54063415527344 0
1729062137309 141.13833618164062 0
1729062137738 96.07556915283203 0
1729062138165 180.19461059570312 0
1729062138592 100.18500518798828 0
1729062139020 226.56121826171875 0
1729062139447 169.5318603515625 0
1729062139876 163.30209350585938 0
1729062140303 148.16693115234375 0
1729062140730 129.9315185546875 0
1729062141157 104.3076171875 0
1729062141583 163.45370483398438 0
1729062142012 91.24490356445312 0
1729062142439 99.15399169921875 0
1729062142867 108.97441101074219 0
1729062143295 163.42868041992188 0
1729062143724 165.63375854492188 0
1729062144151 56.931983947753906 0
1729062144581 161.9296417236328 0
1729062145009 128.03189086914062 0
1729062145439 100.60807037353516 0
1729062145867 165.6523895263672 0
1729062146295 156.40756225585938 0
1729062146723 108.953857421875 0
1729062147150 138.65550231933594 0
1729062147578 124.19156646728516 0
1729062148004 226.63478088378906 0
1729062148431 123.86746215820312 0
1729062148858 64.24295806884766 0
1729062149283 107.49087524414062 0
1729062149710 148.48614501953125 0
1729062150136 156.39358520507812 0
1729062150562 130.53614807128906 0
1729062150989 141.09890747070312 0
1729062151425 131.2588348388672 0
1729062151853 99.76274108886719 0
1729062152280 199.892822265625 0
1729062152709 112.77206420898438 0
1729062153135 182.78591918945312 0
1729062153564 123.7530746459961 0
1729062153992 154.666748046875 0
1729062154418 124.03541564941406 0
1729062154845 168.5497283935547 0
1729062155272 136.87452697753906 0
1729062155699 180.66146850585938 0
1729062156126 159.82110595703125 0
1729062156553 147.91915893554688 0
1729062156979 168.13961791992188 0
1729062157407 138.51907348632812 0
1729062157834 98.56073760986328 0
1729062158259 130.20046997070312 0
1729062158685 138.35923767089844 0
1729062159110 156.15977478027344 0
1729062159535 149.1120147705078 0
1729062159963 137.27081298828125 0
1729062160392 167.95826721191406 0
1729062160821 156.65379333496094 0
1729062161252 199.98695373535156 0
1729062161678 153.32032775878906 0
1729062162105 168.42015075683594 0
1729062162531 137.11740112304688 0
1729062162959 114.23558044433594 0
1729062163384 148.154296875 0
1729062163811 224.47628784179688 0
1729062164237 188.255859375 0
1729062164664 126.79371643066406 0
1729062165089 204.9508819580078 0
1729062165515 144.1281280517578 0
1729062165941 74.21654510498047 0
1729062166367 223.6265869140625 0
1729062166793 108.98085021972656 0
1729062167218 150.51007080078125 0
1729062167645 197.24452209472656 0
1729062168071 109.06069946289062 0
1729062168498 137.39596557617188 0
1729062168926 112.7298812866211 0
1729062169354 97.92200469970703 0
1729062169782 200.3297119140625 0
1729062170208 165.60906982421875 0
1729062170635 108.68113708496094 0
1729062171060 101.76297760009766 0
1729062171486 117.82505798339844 0
1729062171912 127.04779052734375 0
1729062172339 200.14964294433594 0
1729062172765 177.76882934570312 0
1729062173191 152.98291015625 0
1729062173617 155.13925170898438 0
1729062174042 130.2845001220703 0
1729062174469 108.91303253173828 0
1729062174896 99.54988098144531 0
1729062175323 96.92855834960938 0
1729062175749 141.27630615234375 0
1729062176175 156.73223876953125 0
1729062176601 214.20204162597656 0
1729062177028 124.06416320800781 0
1729062177454 100.70359802246094 0
1729062177880 103.19589233398438 0
1729062178307 138.42977905273438 0
1729062178733 118.19163513183594 0
1729062179159 167.61767578125 0
1729062179587 108.70852661132812 0
1729062180016 139.28326416015625 0
1729062180444 184.6572265625 0
1729062180871 87.59890747070312 0
1729062181297 184.97592163085938 0
1729062181723 142.65859985351562 0
1729062182148 156.28717041015625 0
1729062182575 108.82313537597656 0
1729062183001 86.46807861328125 0
1729062183429 158.6607666015625 0
1729062183856 141.19931030273438 0
1729062184282 200.29150390625 0
1729062184711 124.13249206542969 0
1729062185137 109.97222900390625 0
1729062185563 148.46739196777344 0
1729062185988 129.4413604736328 0
1729062186414 112.60986328125 0
1729062186841 165.14048767089844 0
1729062187268 148.27215576171875 0
1729062187754 178.13958740234375 0
1729062188171 159.48727416992188 0
1729062188598 140.9593048095703 0
1729062189025 210.48333740234375 0
1729062189452 110.84956359863281 0
1729062189879 156.8719482421875 0
1729062190305 103.31730651855469 0
1729062190732 187.75155639648438 0
1729062191158 116.46409606933594 0
1729062191585 111.25003051757812 0
1729062192012 96.84956359863281 0
1729062192437 156.30751037597656 0
1729062192863 215.13453674316406 0
1729062193290 100.66873168945312 0
1729062193716 137.0380859375 0
1729062194142 173.68270874023438 0
1729062194568 148.12942504882812 0
1729062194996 224.7515411376953 0
1729062195424 207.62673950195312 0
1729062195850 224.47967529296875 0
1729062196277 100.53302764892578 0
1729062196703 138.55897521972656 0
1729062197131 101.70802307128906 0
1729062197558 112.26995086669922 0
1729062197983 86.30020141601562 0
1729062198409 146.85073852539062 0
1729062198836 197.28567504882812 0
1729062199264 91.40087890625 0
1729062199691 109.33918762207031 0
1729062200117 179.9440460205078 0
1729062200543 108.83808898925781 0
1729062200971 140.8153839111328 0
1729062201398 224.29376220703125 0
1729062201825 112.27033996582031 0
1729062202252 90.16476440429688 0
1729062202678 112.90489196777344 0
1729062203104 119.13346099853516 0
1729062203531 207.07611083984375 0
1729062203957 116.2730484008789 0
1729062204383 156.2578582763672 0
1729062204810 108.38896942138672 0
1729062205236 123.46697998046875 0
1729062205662 84.76139068603516 0
1729062206089 86.5059814453125 0
1729062206515 180.17759704589844 0
1729062206942 136.83575439453125 0
1729062207369 83.01280212402344 0
1729062207795 103.24595642089844 0
1729062208222 137.03941345214844 0
1729062208649 156.6207275390625 0
1729062209075 94.03778839111328 0
1729062209501 99.6927490234375 0
1729062209928 96.95498657226562 0
1729062210355 165.64219665527344 0
1729062210781 159.37750244140625 0
1729062211207 108.5068130493164 0
1729062211634 167.96852111816406 0
1729062212060 65.1090316772461 0
1729062212486 156.45123291015625 0
1729062212912 157.49307250976562 0
1729062213339 163.0012969970703 0
1729062213765 155.3663330078125 0
1729062214192 165.24649047851562 0
1729062214617 179.96829223632812 0
1729062215044 120.26367950439453 0
1729062215474 141.0618438720703 0
1729062215901 122.09561157226562 0
1729062216326 168.15261840820312 0
1729062216753 97.25730895996094 0
1729062217179 88.70497131347656 0
1729062217604 167.69334411621094 0
1729062218031 124.47500610351562 0
1729062218457 138.7374267578125 0
1729062218884 207.2689971923828 0
1729062219311 135.54148864746094 0
1729062219737 101.7540054321289 0
1729062220164 175.19854736328125 0
1729062220591 141.1779327392578 0
1729062221018 108.16472625732422 0
1729062221445 182.81985473632812 0
1729062221872 98.8623046875 0
1729062222299 132.69386291503906 0
1729062222726 145.21990966796875 0
1729062223152 163.20291137695312 0
1729062223578 90.93433380126953 0
1729062224006 123.21346282958984 0
1729062224433 140.68911743164062 0
1729062224860 97.69227600097656 0
1729062225287 129.8114471435547 0
1729062225714 167.51626586914062 0
1729062226141 148.03042602539062 0
1729062226567 97.24647521972656 0
1729062226994 136.39190673828125 0
1729062227420 207.24737548828125 0
1729062227846 132.57644653320312 0
1729062228273 163.1014404296875 0
1729062228699 155.95579528808594 0
1729062229126 97.36444091796875 0
1729062229552 108.17362976074219 0
1729062229979 204.7379150390625 0
1729062230406 97.68260192871094 0
1729062230833 135.67872619628906 0
1729062231259 118.46122741699219 0
1729062231685 80.49203491210938 0
1729062232111 204.6533966064453 0
1729062232538 197.4696502685547 0
1729062232965 179.2369384765625 0
1729062233392 86.18867492675781 0
1729062233818 197.05157470703125 0
1729062234244 133.60791015625 0
1729062234670 168.12826538085938 0
1729062235096 177.72381591796875 0
1729062235523 199.85604858398438 0
1729062235949 182.69454956054688 0
1729062236374 120.35267639160156 0
1729062236800 99.3489990234375 0
1729062237228 108.63939666748047 0
1729062237655 180.52304077148438 0
1729062238082 154.32421875 0
1729062238509 167.75372314453125 0
1729062238936 156.0513916015625 0
1729062239364 183.73130798339844 0
1729062239790 140.06121826171875 0
1729062240217 97.18270874023438 0
1729062240643 173.3662109375 0
1729062241069 194.97756958007812 0
1729062241495 185.12356567382812 0
1729062241923 100.6673355102539 0
1729062242408 108.94841003417969 0
1729062242828 98.5250244140625 0
1729062243255 88.7821273803711 0
1729062243682 138.10366821289062 0
1729062244112 85.2074203491211 0
1729062244537 167.9767303466797 0
1729062244963 138.58023071289062 0
1729062245389 108.13752746582031 0
1729062245816 179.41029357910156 0
1729062246243 123.69619750976562 0
1729062246667 136.77760314941406 0
1729062247094 108.47404479980469 0
1729062247520 136.8038787841797 0
1729062247947 86.14013671875 0
1729062248375 99.56765747070312 0
1729062248802 159.0677032470703 0
1729062249230 199.6661834716797 0
1729062249656 97.01713562011719 0
1729062250082 147.99179077148438 0
1729062250508 170.93246459960938 0
1729062250935 98.9588394165039 0
1729062251360 156.34115600585938 0
1729062251785 207.31948852539062 0
1729062252210 147.92076110839844 0
1729062252637 105.47209167480469 0
1729062253063 85.46612548828125 0
1729062253489 99.47173309326172 0
1729062253915 140.888427734375 0
1729062254342 132.7454833984375 0
1729062254769 96.95008850097656 0
1729062255195 179.85308837890625 0
1729062255622 114.19961547851562 0
1729062256047 204.7242431640625 0
1729062256473 132.95077514648438 0
1729062256899 88.9364013671875 0
1729062257325 82.34065246582031 0
1729062257751 197.9859619140625 0
1729062258177 99.0018081665039 0
1729062258603 168.0987548828125 0
1729062259030 139.2114715576172 0
1729062259457 80.68852233886719 0
1729062259884 165.14837646484375 0
1729062260311 83.64027404785156 0
1729062260737 99.41920471191406 0
1729062261163 96.8714828491211 0
1729062261590 170.80218505859375 0
1729062262015 157.30270385742188 0
1729062262442 100.19900512695312 0
1729062262867 140.03536987304688 0
1729062263294 169.27392578125 0
1729062263720 182.69580078125 0
1729062264147 96.88033294677734 0
1729062264573 97.44342041015625 0
1729062264999 140.666748046875 0
1729062265427 132.84317016601562 0
1729062265854 136.63894653320312 0
1729062266279 156.36312866210938 0
1729062266708 167.3385009765625 0
1729062267133 194.73403930664062 0
1729062267559 207.31723022460938 0
1729062267987 156.49325561523438 0
1729062268413 156.87106323242188 0
1729062268840 131.73545837402344 0
1729062269266 138.66009521484375 0
1729062269692 148.3082275390625 0
1729062270121 104.0453109741211 0
1729062270548 87.83718872070312 0
1729062270974 140.10336303710938 0
1729062271401 138.85931396484375 0
1729062271827 97.4570541381836 0
1729062272253 197.5014190673828 0
1729062272682 199.9683074951172 0
1729062273109 156.52088928222656 0
1729062273534 97.09613800048828 0
1729062273962 180.29928588867188 0
1729062274389 207.0711669921875 0
1729062274815 167.8240509033203 0
1729062275241 126.62820434570312 0
1729062275668 169.5273895263672 0
1729062276094 113.81898498535156 0
1729062276520 119.55892181396484 0
1729062276948 187.670166015625 0
1729062277374 131.0172119140625 0
1729062277802 96.73063659667969 0
1729062278227 163.1218719482422 0
1729062278653 140.17359924316406 0
1729062279080 147.6275634765625 0
1729062279506 114.33802032470703 0
1729062279932 148.09121704101562 0
1729062280358 107.21343994140625 0
1729062280784 140.62771606445312 0
1729062281211 197.96519470214844 0
1729062281637 121.48561096191406 0
1729062282063 123.74128723144531 0
1729062282490 88.18988037109375 0
1729062282916 188.30865478515625 0
1729062283343 129.5267791748047 0
1729062283770 187.9442138671875 0
1729062284198 141.19525146484375 0
1729062284625 97.15276336669922 0
1729062285050 167.76109313964844 0
1729062285477 100.27810668945312 0
1729062285903 100.22541809082031 0
1729062286329 100.70475769042969 0
1729062286755 166.27386474609375 0
1729062287181 97.13410949707031 0
1729062287607 170.75140380859375 0
1729062288034 207.49990844726562 0
1729062288461 215.02801513671875 0
1729062288887 226.78192138671875 0
1729062289314 140.6964111328125 0
1729062289741 97.486083984375 0
1729062290168 148.17445373535156 0
1729062290593 129.66783142089844 0
1729062291020 168.16656494140625 0
1729062291447 149.4261932373047 0
1729062291874 224.66864013671875 0
1729062292300 129.53390502929688 0
1729062292726 129.63021850585938 0
1729062293153 154.98851013183594 0
1729062293579 165.57528686523438 0
1729062294006 160.11819458007812 0
1729062294432 100.00746154785156 0
1729062294860 199.99151611328125 0
1729062295286 158.66836547851562 0
1729062295712 88.58370971679688 0
1729062296138 125.49932861328125 0
1729062296563 204.80233764648438 0
1729062297049 89.27276611328125 0
1729062297469 100.3463363647461 0
1729062297896 163.10061645507812 0
1729062298322 135.0517120361328 0
1729062298749 187.6148681640625 0
1729062299177 156.61581420898438 0
1729062299604 167.55039978027344 0
1729062300031 155.8459930419922 0
1729062300457 148.10194396972656 0
1729062300884 136.82351684570312 0
1729062301311 129.84414672851562 0
1729062301738 142.56134033203125 0
1729062302165 176.694580078125 0
1729062302592 156.15310668945312 0
1729062303018 177.13943481445312 0
1729062303446 179.90548706054688 0
1729062303874 90.98202514648438 0
1729062304301 182.76690673828125 0
1729062304727 139.96920776367188 0
1729062305153 96.81256866455078 0
1729062305579 159.68826293945312 0
1729062306005 207.169677734375 0
1729062306431 166.40403747558594 0
1729062306859 115.70621490478516 0
1729062307285 180.5492401123047 0
1729062307712 150.04959106445312 0
1729062308140 140.264892578125 0
1729062308566 108.45225524902344 0
1729062308993 140.2977294921875 0
1729062309418 87.79537963867188 0
1729062309843 97.07254028320312 0
1729062310269 163.16238403320312 0
1729062310696 125.48918151855469 0
1729062311123 138.48617553710938 0
1729062311549 156.89532470703125 0
1729062311974 123.36944580078125 0
1729062312401 115.40750122070312 0
1729062312828 179.98739624023438 0
1729062313257 98.87413024902344 0
1729062313684 111.76411437988281 0
1729062314109 164.97146606445312 0
1729062314536 140.05047607421875 0
1729062314961 88.58059692382812 0
1729062315388 167.21502685546875 0
1729062315813 111.53666687011719 0
1729062316239 123.90226745605469 0
1729062316666 82.21627807617188 0
1729062317092 153.80303955078125 0
1729062317519 139.72137451171875 0
1729062317946 136.95529174804688 0
1729062318374 199.7651824951172 0
1729062318801 192.19796752929688 0
1729062319227 114.09990692138672 0
1729062319654 148.54661560058594 0
1729062320080 226.99969482421875 0
1729062320507 112.1202392578125 0
1729062320934 200.09963989257812 0
1729062321361 200.4625244140625 0
1729062321787 80.91743469238281 0
1729062322214 173.01361083984375 0
1729062322640 159.6773681640625 0
1729062323067 182.77490234375 0
1729062323493 123.35319519042969 0
1729062323918 180.2712860107422 0
1729062324345 140.45834350585938 0
1729062324772 147.60250854492188 0
1729062325200 135.37159729003906 0
1729062325627 96.87548828125 0
1729062326054 182.826904296875 0
1729062326480 140.7689666748047 0
1729062326907 96.0029067993164 0
1729062327333 182.96893310546875 0
1729062327760 158.5231170654297 0
1729062328188 100.02977752685547 0
1729062328615 135.25640869140625 0
1729062329042 85.85533142089844 0
1729062329469 164.95310974121094 0
1729062329895 199.7100372314453 0
1729062330325 92.13243103027344 0
1729062330750 180.2281036376953 0
1729062331176 221.39187622070312 0
1729062331603 96.6075439453125 0
1729062332029 85.46699523925781 0
1729062332455 109.49491882324219 0
1729062332881 108.79428100585938 0
1729062333308 138.7073516845703 0
1729062333735 89.49847412109375 0
1729062334162 200.31895446777344 0
1729062334589 140.9429473876953 0
1729062335017 180.13165283203125 0
1729062335445 163.19863891601562 0
1729062335870 87.86326599121094 0
1729062336297 224.12197875976562 0
1729062336722 85.18923950195312 0
1729062337149 109.56640625 0
1729062337576 187.45669555664062 0
1729062338003 136.92694091796875 0
1729062338431 107.56825256347656 0
1729062338858 109.39395141601562 0
1729062339283 108.47733306884766 0
1729062339708 143.52964782714844 0
1729062340135 85.379638671875 0
1729062340562 207.40277099609375 0
1729062340989 94.74883270263672 0
1729062341417 147.82981872558594 0
1729062341844 123.51206970214844 0
1729062342271 89.14286041259766 0
1729062342697 107.67330932617188 0
1729062343124 148.90863037109375 0
1729062343550 207.55056762695312 0
1729062343978 135.19845581054688 0
1729062344406 108.31077575683594 0
1729062344833 136.3030548095703 0
1729062345260 138.90838623046875 0
1729062345687 152.38427734375 0
1729062346114 156.07469177246094 0
1729062346542 226.85556030273438 0
1729062346968 127.09736633300781 0
1729062347395 167.81350708007812 0
1729062347822 123.39140319824219 0
1729062348249 87.46736145019531 0
1729062348676 98.94058227539062 0
1729062349102 167.77398681640625 0
1729062349529 138.2346649169922 0
1729062349955 84.61445617675781 0
1729062350382 140.574951171875 0
1729062350809 197.22772216796875 0
1729062351235 87.54600524902344 0
1729062351720 132.3296356201172 0
1729062352139 148.0419158935547 0
1729062352566 125.1429443359375 0
1729062352992 149.216552734375 0
1729062353419 99.47428894042969 0
1729062353845 167.4861602783203 0
1729062354273 98.19746398925781 0
1729062354699 111.7657470703125 0
1729062355125 199.88653564453125 0
1729062355552 164.48660278320312 0
1729062355979 204.72891235351562 0
1729062356406 115.90151977539062 0
1729062356833 157.91986083984375 0
1729062357260 107.67689514160156 0
1729062357688 111.49087524414062 0
1729062358115 147.58021545410156 0
1729062358542 96.10397338867188 0
1729062359295 124.43685913085938 0
1729062359721 129.11927795410156 0
1729062360147 88.93865966796875 0
1729062360573 165.1480712890625 0
1729062360999 126.01290893554688 0
1729062361425 119.0059814453125 0
1729062361853 167.50787353515625 0
1729062362280 170.23756408691406 0
1729062362708 136.28277587890625 0
1729062363135 180.2221221923828 0
1729062363561 170.75538635253906 0
1729062363987 99.85151672363281 0
1729062364414 156.28555297851562 0
1729062364840 88.41200256347656 0
1729062365266 167.549072265625 0
1729062365693 167.810546875 0
1729062366121 65.75288391113281 0
1729062366547 99.62796020507812 0
1729062366975 100.05766296386719 0
1729062367402 153.0126953125 0
1729062367829 84.82835388183594 0
1729062368255 196.07064819335938 0
1729062368682 108.37202453613281 0
1729062369108 144.2568359375 0
1729062369536 154.0128173828125 0
1729062369962 157.04122924804688 0
1729062370389 169.41270446777344 0
1729062370817 99.85179138183594 0
1729062371242 133.6554718017578 0
1729062371670 140.32321166992188 0
1729062372095 129.30201721191406 0
1729062372522 167.57730102539062 0
1729062372948 90.2464599609375 0
1729062373374 123.5676498413086 0
1729062373800 97.45710754394531 0
1729062374228 140.04690551757812 0
1729062374654 106.7688980102539 0
1729062375081 91.20835876464844 0
1729062375507 138.4141387939453 0
1729062375935 112.04237365722656 0
1729062376362 113.19025421142578 0
1729062376789 123.18916320800781 0
1729062377216 217.29306030273438 0
1729062377642 129.09121704101562 0
1729062378068 136.88185119628906 0
1729062378497 205.96607971191406 0
1729062378923 102.96748352050781 0
1729062379351 142.56735229492188 0
1729062379778 136.39266967773438 0
1729062380205 99.51841735839844 0
1729062380631 163.1620330810547 0
1729062381058 111.37166595458984 0
1729062381484 165.74044799804688 0
1729062381910 81.94033813476562 0
1729062382336 96.48216247558594 0
1729062382763 91.34574890136719 0
1729062383189 153.5732421875 0
1729062383614 107.64652252197266 0
1729062384042 168.15689086914062 0
1729062384467 136.32159423828125 0
1729062384894 158.53347778320312 0
1729062385321 157.45004272460938 0
1729062385747 123.25113677978516 0
1729062386173 114.76612091064453 0
1729062386600 180.0251007080078 0
1729062387026 179.30593872070312 0
1729062387452 224.27529907226562 0
1729062387880 152.8282470703125 0
1729062388307 147.85549926757812 0
1729062388734 56.001304626464844 0
1729062389161 165.6761474609375 0
1729062389587 179.986328125 0
1729062390016 152.83856201171875 0
1729062390441 114.4056396484375 0
1729062390866 196.92904663085938 0
1729062391292 114.9535903930664 0
1729062391720 182.91188049316406 0
1729062392147 129.40927124023438 0
1729062392574 148.02549743652344 0
1729062392999 111.97230529785156 0
1729062393426 99.02452087402344 0
1729062393853 96.7464370727539 0
1729062394280 103.32319641113281 0
1729062394706 74.80187225341797 0
1729062395133 86.18844604492188 0
1729062395560 108.15945434570312 0
1729062395987 100.54166412353516 0
1729062396414 97.17300415039062 0
1729062396841 100.42379760742188 0
1729062399921 148.12417602539062 0
1729062400347 167.7918243408203 0
1729062400772 195.18414306640625 0
1729062401199 94.99347686767578 0
1729062401625 216.10069274902344 0
1729062402051 125.84685516357422 0
1729062402479 124.66075897216797 0
1729062402906 139.68194580078125 0
1729062403333 112.15203857421875 0
1729062403760 167.7774200439453 0
1729062404187 98.65422821044922 0
1729062404614 142.27175903320312 0
1729062405041 147.8765869140625 0
1729062405468 197.58285522460938 0
1729062405895 123.96530151367188 0
1729062406320 158.77609252929688 0
1729062406746 155.64956665039062 0
1729062407172 96.4798812866211 0
1729062407600 125.17802429199219 0
1729062408027 63.96994400024414 0
1729062408455 207.53958129882812 0
1729062408883 112.14524841308594 0
1729062409371 108.61528015136719 0
1729062409789 163.05615234375 0
1729062410216 165.2465362548828 0
1729062410643 155.99118041992188 0
1729062411071 98.1654281616211 0
1729062411498 131.79275512695312 0
1729062411924 183.07180786132812 0
1729062412350 126.19966888427734 0
1729062412776 107.36678314208984 0
1729062413202 207.44842529296875 0
1729062413627 156.64193725585938 0
1729062414055 81.78178405761719 0
1729062414482 179.89791870117188 0
1729062414908 148.0931396484375 0
1729062415338 141.39474487304688 0
1729062415765 88.82491302490234 0
1729062416191 98.91172790527344 0
1729062416618 91.15249633789062 0
1729062417045 107.73470306396484 0
1729062417471 146.527587890625 0
1729062417899 168.2508544921875 0
1729062418327 147.3402862548828 0
1729062418754 169.93502807617188 0
1729062419180 129.4088134765625 0
1729062419606 84.18852233886719 0
1729062420033 115.74909210205078 0
1729062420460 180.35064697265625 0
1729062420886 111.99008178710938 0
1729062421313 147.66192626953125 0
1729062421739 101.94459533691406 0
1729062422166 138.38006591796875 0
1729062422592 169.19635009765625 0
1729062423021 98.19786071777344 0
1729062423447 95.98218536376953 0
1729062423875 111.5306396484375 0
1729062424302 142.0475311279297 0
1729062424728 167.1685333251953 0
1729062425155 109.94329833984375 0
1729062425581 138.69369506835938 0
1729062426007 137.98121643066406 0
1729062426435 146.4559326171875 0
1729062426863 153.14312744140625 0
1729062427290 167.0953369140625 0
1729062427717 56.70337677001953 0
1729062428145 100.005615234375 0
1729062428572 96.66127014160156 0
1729062428998 156.01681518554688 0
1729062429425 129.14088439941406 0
1729062429853 167.39166259765625 0
1729062430280 227.17657470703125 0
1729062430706 167.56002807617188 0
1729062431133 197.3550262451172 0
1729062431561 146.0288848876953 0
1729062431987 58.44941329956055 0
1729062432413 88.19458770751953 0
1729062432839 67.93228912353516 0
1729062433267 96.53424072265625 0
1729062433693 147.5317840576172 0
1729062434120 130.6527862548828 0
1729062434545 156.21395874023438 0
1729062434973 112.55149841308594 0
1729062435400 207.2939453125 0
1729062435827 153.38458251953125 0
1729062436253 100.66716003417969 0
1729062436679 85.11695861816406 0
1729062437107 133.31509399414062 0
1729062437534 179.59271240234375 0
1729062437961 126.57996368408203 0
1729062438388 92.55109405517578 0
1729062438815 105.77000427246094 0
1729062439241 128.65782165527344 0
1729062439668 111.71200561523438 0
1729062440095 147.49806213378906 0
1729062440523 128.95513916015625 0
1729062440951 111.45721435546875 0
1729062441378 179.39071655273438 0
1729062441805 167.48159790039062 0
1729062442231 122.96473693847656 0
1729062442658 107.76673126220703 0
1729062443084 96.63915252685547 0
1729062443511 140.2095489501953 0
1729062443938 108.43476867675781 0
1729062444364 207.525390625 0
1729062444794 129.85833740234375 0
1729062445221 223.99041748046875 0
1729062445648 84.58304595947266 0
1729062446076 187.5015869140625 0
1729062446503 167.59556579589844 0
1729062446929 112.26249694824219 0
1729062447357 84.91670227050781 0
1729062447784 125.9416732788086 0
1729062448211 162.86392211914062 0
1729062448638 122.91357421875 0
1729062449065 80.64353942871094 0
1729062449493 84.12930297851562 0
1729062449919 163.21595764160156 0
1729062450346 102.22000885009766 0
1729062450773 94.23075866699219 0
1729062451198 111.97259521484375 0
1729062451624 147.8661346435547 0
1729062452051 111.01535034179688 0
1729062452477 167.84994506835938 0
1729062452904 96.26861572265625 0
1729062453329 95.57145690917969 0
1729062453756 151.91033935546875 0
1729062454182 92.92630767822266 0
1729062454609 112.04444885253906 0
1729062455037 155.8699188232422 0
1729062455463 58.299068450927734 0
1729062455889 100.06510925292969 0
1729062456316 96.53424072265625 0
1729062456744 155.9755859375 0
1729062457170 141.03733825683594 0
1729062457597 80.86276245117188 0
1729062458025 167.8936767578125 0
1729062458452 159.6305694580078 0
1729062458880 147.4302978515625 0
1729062459308 111.8311996459961 0
1729062459736 91.2578125 0
1729062460161 125.38079833984375 0
1729062460588 97.54973602294922 0
1729062461016 159.59597778320312 0
1729062461443 96.06504821777344 0
1729062461870 114.63314056396484 0
1729062462297 152.03948974609375 0
1729062462723 130.18173217773438 0
1729062463151 152.1665496826172 0
1729062463576 139.8912811279297 0
1729062464064 155.79275512695312 0
1729062464484 115.07955932617188 0
1729062464909 159.69927978515625 0
1729062465337 167.4308624267578 0
1729062465763 147.65447998046875 0
1729062466189 199.5706787109375 0
1729062466615 83.36570739746094 0
1729062467044 173.09124755859375 0
1729062467471 125.7735595703125 0
1729062467899 128.91650390625 0
1729062468324 84.10769653320312 0
1729062468751 148.01516723632812 0
1729062469177 151.51820373535156 0
1729062469602 143.23654174804688 0
1729062470029 199.92446899414062 0
1729062470455 137.68785095214844 0
1729062470881 158.5258026123047 0
1729062471309 123.11756896972656 0
1729062471736 151.51046752929688 0
1729062472162 148.06736755371094 0
1729062472591 187.12127685546875 0
1729062473018 204.32986450195312 0
1729062473444 158.94241333007812 0
1729062473870 156.52423095703125 0
1729062474297 137.92031860351562 0
1729062474724 128.81724548339844 0
1729062475151 83.65491485595703 0
1729062475578 207.34503173828125 0
1729062476005 157.74899291992188 0
1729062476433 155.53038024902344 0
1729062476861 207.13739013671875 0
1729062477288 116.49279022216797 0
1729062477715 114.48336029052734 0
1729062478143 107.01095581054688 0
1729062478569 133.20506286621094 0
1729062478996 111.59742736816406 0
1729062479423 207.3081817626953 0
1729062479850 136.77621459960938 0
1729062480276 158.86492919921875 0
1729062480702 156.10458374023438 0
1729062481128 75.15538024902344 0
1729062481555 108.46536254882812 0
1729062481981 216.856689453125 0
1729062482407 155.98085021972656 0
